a [1]:81:39,46,113,173,178,186,225,232,277,505,520,533,542,567,610,649,662,704,708,746,795,839,878,881,921,1038,1045,1167,1180,1195,1314,1356,1641,1763,1790,1825,1886,1889,2057,2064,2158,2184,2195,2330,2351,2441,2478,2483,2490,2529,2581,2632,2697,2841,2857,2886,2966,3037,3169,3232,3310,3401,3425,3538,3577,3640,3646,3709,3743,3761,3773,3776,3839,3887,3901,4004,4008,4047,4212,4279,4351
abandonment [1]:1:4227
abilities [1]:1:4343
able [1]:2:2106,4074
about [1]:10:359,362,1042,1339,3117,3536,4006,4069,4104,4258
above [1]:1:2455
acamera [1]:1:1223
accident [1]:2:1702,3282
achair [1]:1:1804
acknowledge [1]:2:985,3369
across [1]:2:1141,3392
action [1]:1:883
actions [1]:1:3318
actual [1]:1:1236
add [1]:1:74
address [1]:1:1226
admiration [1]:1:1116
affect [1]:1:1853
afford [1]:2:3827,4286
aft [1]:1:2424
afternoon [1]:2:2230,3384
again [1]:3:1368,2852,4143
against [1]:2:2183,2764
ago [1]:3:689,1675,4012
agree [1]:1:1010
air [1]:1:3340
alarm [1]:2:1539,4131
alive [1]:1:4186
all [1]:8:599,911,1015,1876,2497,4217,4220,4299
allotted [1]:1:3814
allowed [1]:1:273
almost [1]:2:24,1072
alone [1]:2:2293,3747
along [1]:2:184,2440
also [1]:2:89,3996
although [1]:2:1470,2269
always [1]:4:25,289,295,2216
am [1]:6:453,667,1126,3571,3994,4100
among [1]:1:255
amount [1]:2:1765,1846
an [1]:12:401,792,1098,1157,1370,2140,2769,3201,3281,3301,3562,3845
and [1]:106:41,71,81,101,146,395,478,509,618,623,765,787,817,826,846,858,1057,1090,1100,1177,1207,1257,1287,1297,1358,1427,1440,1553,1589,1658,1683,1720,1920,1927,1932,1959,2016,2071,2104,2113,2118,2174,2197,2365,2391,2399,2523,2580,2596,2625,2638,2652,2680,2691,2762,2789,2807,2809,2819,2846,2853,2859,2874,2954,2960,3048,3119,3185,3195,3215,3229,3267,3326,3357,3367,3379,3413,3444,3467,3474,3485,3496,3515,3550,3602,3606,3615,3629,3745,3760,3764,3838,3857,3894,3949,3951,4001,4013,4051,4059,4067,4107,4116,4172,4290,4320
andhow [1]:1:2661
andsister [1]:1:695
andtoss [1]:1:2949
anger [1]:2:4219,4237
angry [1]:1:1980
animal [1]:1:80
another [1]:2:529,1070
answer [1]:1:1757
anthem [1]:2:3657,3694
any [1]:4:1756,2434,3372,3936
anybody [1]:1:250
anyone [1]:2:1710,3098
anything [1]:2:1798,3707
apothecary [1]:1:3954
applause [1]:2:925,986
apple [1]:2:287,2771
are [1]:16:7,73,164,571,598,957,1484,1660,1738,2200,2501,3612,3672,3697,4124,4364
area [1]:1:3078
arena [1]:1:3563
arise [1]:1:309
arm [1]:4:266,1158,4119,4231
arms [1]:5:742,831,2898,3873,3897
around [1]:4:743,1159,3874,3898
arrow [1]:1:44
as [1]:28:30,32,244,249,696,791,1037,1246,1375,1416,1493,1626,1768,1831,1891,1904,1923,2685,2750,3020,3332,3375,3613,3617,3655,3803,3988,3992
ashy [1]:1:1505
ask [1]:3:620,1559,4017
at [1]:28:57,449,646,1024,1066,1109,1148,1151,1631,1780,1873,1893,1917,1973,2382,2531,2537,2636,2712,3064,3094,3182,3223,3343,3389,3525,3851,4225
ate [1]:2:3200,3320
attempt [1]:1:1377
attention [1]:1:3030
atthe [1]:1:2419
audience [1]:1:1228
avoid [1]:1:457
away [1]:6:1354,1956,2693,2884,3122,3507
