ha [1]:11:54,512,523,536,545,820,1047,1383,1568,3772,4209
had [1]:23:160,504,1697,1718,1760,1882,1938,2246,2271,2296,2313,2417,2427,2554,2682,2782,2996,3102,3148,3335,3354,3360,4250
hair [1]:4:1407,1507,2020,2701
hall [1]:1:3351
hallway [1]:1:3495
hand [1]:8:1086,1293,1412,1981,3164,3610,3632,4309
handcuff [1]:1:3705
happen [1]:6:1023,1673,1997,3103,3736,4191
hard [1]:3:893,2342,4120
harsh [1]:1:759
harvest [1]:1:286
hasnt [1]:2:503,2147
hate [1]:2:2037,3517
have [1]:32:205,219,271,679,877,974,1062,1274,1347,1444,1472,1748,1953,2666,2746,2777,2908,3085,3089,3248,3255,3279,3286,3306,3490,3685,3725,4162,4199,4245,4254,4312
havent [1]:1:1682
haymitch [1]:3:1134,1252,1351
he [1]:83:102,107,217,555,644,655,693,697,699,711,718,725,729,740,811,836,841,848,908,1149,1154,1162,1171,1184,1188,1198,1204,1218,1225,1231,1234,1247,1261,1380,1405,1414,1494,1547,1567,1627,1676,1813,1854,1958,2036,2055,2388,2396,2656,2674,2714,2725,2744,2878,2891,2899,2939,3035,3049,3080,3087,3174,3285,3289,3362,3404,3872,3896,3969,3986,4000,4046,4058,4091,4118,4176,4226,4230,4259,4267,4294,4308,4334
head [1]:4:1415,1905,3327,3431
headaway [1]:1:3407
headon [1]:1:3877
heal [1]:1:4076
hear [1]:1:2191
heard [1]:1:2848
heart [1]:1:4335
heartless [1]:1:2629
hearty [1]:1:3210
heat [1]:2:2595,3124
height [1]:1:1502
held [1]:1:2759
hell [1]:1:3995
help [1]:6:980,2965,3790,3799,4158,4164
herb [1]:1:3971
here [1]:3:29,330,2835
herself [1]:3:636,3975,4238
hidden [1]:1:193
hill [1]:1:1306
him [1]:15:135,1272,1464,1492,1644,2696,2711,2979,2999,3061,3387,3513,3524,3677,4024
himself [1]:1:1259
his [1]:29:553,653,676,830,1172,1249,1496,1513,1523,1528,1534,1555,1716,1771,2706,2723,2735,2897,2919,2993,3029,3317,3352,3358,3365,3406,3498,3592,3611
hit [1]:3:1724,2998,3004
hob [1]:3:435,968,2275
hold [1]:3:392,1091,2093
holding [1]:1:951
holler [1]:1:1155
hollow [1]:2:47,2397
home [1]:12:22,450,1965,1971,2052,2380,2383,2781,2825,3145,3382,4082
honor [1]:2:569,4353
hope [1]:3:1402,2435,3473
hopeless [1]:1:1986
hour [1]:2:3436,3811
house [1]:1:2196
how [1]:5:94,2732,3447,3570,4070
huddle [1]:2:691,1808
huge [1]:1:4352
hunch [1]:1:2492
hunger [1]:1:469
hungry [1]:1:245
hunt [1]:4:241,2301,3114,4041
hysterical [1]:1:735
