i [1]:156:23,37,122,129,190,320,323,344,347,355,378,389,442,452,456,493,498,607,666,757,766,797,806,815,855,891,896,898,987,1026,1031,1050,1061,1125,1169,1273,1290,1302,1307,1316,1334,1336,1441,1461,1466,1471,1490,1572,1609,1645,1648,1659,1681,1684,1686,1740,1855,1858,1877,1881,1901,1913,1925,1992,2006,2060,2085,2090,2100,2245,2270,2282,2338,2343,2354,2361,2377,2402,2416,2436,2459,2465,2559,2571,2590,2616,2639,2654,2681,2686,2694,2720,2734,2751,2790,2803,2826,2847,2860,2875,2976,3006,3062,3104,3133,3143,3157,3172,3189,3217,3274,3345,3376,3385,3408,3416,3432,3445,3456,3481,3489,3508,3511,3516,3534,3572,3634,3663,3679,3701,3766,3783,3788,3804,3825,3862,3908,3921,3993,4002,4034,4042,4061,4094,4099,4111,4144,4152,4154,4156,4223,4240,4243,4253,4295,4326
icy [1]:2:2243,2606
id [1]:6:1966,2324,2709,2776,3528,4249
idea [1]:2:261,1321
if [1]:17:91,158,212,307,532,541,624,1832,1936,2089,3021,3312,3333,3521,3587,4078,4248
iftheyre [1]:1:3942
ihad [1]:1:3522
ill [1]:5:788,1241,4242,4261,4297
illegal [1]:1:145
im [1]:5:33,1264,1637,3588,3740
imagine [1]:1:3009
immobilizing [1]:1:4273
in [1]:78:12,34,112,141,194,199,252,274,290,318,332,417,424,433,484,507,557,560,582,714,829,838,886,995,1128,1284,1330,1486,1510,1544,1577,1699,1706,1744,1803,1820,1824,1866,1962,2047,2143,2167,2187,2202,2241,2248,2260,2326,2350,2462,2482,2494,2503,2519,2577,2716,2785,2836,2843,2896,3041,3067,3309,3349,3371,3429,3438,3492,3576,3579,3626,3729,3755,3963,4109,4214,4307,4333
incite [1]:1:224
indifferent [1]:1:402
injured [1]:1:2166
inside [1]:3:65,3152,3739
instead [1]:1:983
instruction [1]:1:4103
intensity [1]:1:4134
interaction [1]:1:1672
interfere [1]:1:2603
into [1]:16:282,400,1222,1299,1843,2288,2405,2739,2910,2951,3129,3227,3231,3259,3561,3699
introduce [1]:1:614
is [1]:27:18,144,177,251,437,517,565,579,589,733,762,1018,1097,1224,1230,1352,1361,1520,1582,1594,2208,3636,3843,3932,4216,4278,4350
it [1]:58:97,157,639,723,887,1029,1059,1092,1096,1111,1114,1117,1178,1394,1477,1634,1653,1679,1689,1922,1937,2084,2215,2357,2510,2605,2627,2797,2799,2877,2889,2892,2924,3010,3135,3207,3235,3263,3277,3288,3330,3418,3537,3552,3582,3644,3748,3798,4052,4077,4081,4165,4187,4206,4215,4277,4282,4289
itself [1]:1:3549
ive [1]:5:1540,1574,3732,3752,4265
