made [1]:5:206,2752,3173,3778,4003
make [1]:6:419,443,782,1327,1495,4087
manage [1]:1:1003
many [1]:1:2162
march [1]:1:3713
mark [1]:1:1978
marked [1]:1:790
market [1]:5:427,440,1919,2263,2336
mask [1]:1:403
matter [1]:5:612,640,724,1655,4189
may [1]:2:2096,2098
maybe [1]:4:3520,3643,3723,4322
mayor [1]:3:643,1616,3595
me [1]:40:104,647,658,737,744,764,965,1043,1095,1146,1206,1725,1730,2304,2612,2637,2648,2749,2832,2870,2883,3083,3118,3239,3272,3293,3297,3370,3390,3472,3479,3502,3607,3624,3802,3893,4123,4128,4180,4202
meadow [1]:2:294,2189
mean [1]:5:1112,1115,1118,3081,3703
meant [1]:2:3264,3637
meat [1]:1:248
medal [1]:2:705,709
medicine [1]:2:4033,4252
medium [1]:1:1501
mellark [1]:6:1456,1458,1480,1657,2236,3466
member [1]:1:1074
merchant [1]:1:2453
mesmerized [1]:1:2592
met [1]:1:3398
middle [1]:2:334,1081
might [1]:10:264,340,472,678,1235,2516,3247,3254,4072,4262
milk [1]:2:3948,4031
mind [1]:2:1746,2513
mine [1]:4:114,716,1701,2169
mint [1]:1:2322
minute [1]:1:3903
mirror [1]:1:2032
moment [1]:3:1315,1519,3692
money [1]:4:208,447,1767,2068
month [1]:1:1777
months [1]:1:1704
more [1]:8:153,386,430,1201,1215,1390,1806,3486
morecameras [1]:1:3850
morning [1]:2:1310,3243
most [1]:4:163,227,444,1603
mote [1]:1:3603
moth [1]:3:2019,2707,4147
mother [1]:17:350,694,854,1784,1863,1890,1943,2386,2736,2920,2962,3178,3771,3859,3890,3957,4115
motionless [1]:1:2182
mouthto [1]:1:1250
move [1]:1:2650
moved [1]:2:1833,4235
much [1]:2:591,2802
muck [1]:1:2496
mud [1]:2:2352,2873
muddy [1]:1:2442
must [1]:8:2745,2907,3088,3278,3915,3978,4136,4330
mutter [1]:1:321
my [1]:73:98,175,182,202,327,349,393,398,411,414,446,476,785,813,853,900,971,1160,1285,1292,1295,1487,1695,1733,1745,1783,1862,1942,2018,2029,2232,2280,2299,2345,2370,2385,2392,2430,2512,2544,2609,2717,2753,2786,2973,3001,3042,3095,3110,3130,3177,3219,3410,3430,3442,3631,3770,3792,3855,3858,3870,3875,3878,3889,3956,4114,4133,4146,4207,4233,4305,4342,4369
myself [1]:8:496,857,1289,1652,1933,2088,2438,4247
