name [1]:8:522,535,544,890,1426,1454,1469,2724
neck [1]:1:3876
neighbors [1]:1:1665
nervous [1]:1:3647
never [1]:13:270,1242,1473,1687,1755,1994,2209,2970,3003,3458,3545,3553,3733
new [1]:1:928
next [1]:2:3242,3810
night [1]:1:2034
no [1]:19:82,406,748,750,800,1460,1481,1563,1845,1911,1945,2079,2226,2267,2373,2541,2683,2932,4179
nod [1]:1:4130
noone [1]:1:978
nose [1]:1:3841
not [1]:23:51,165,943,947,1009,1013,1340,1463,1485,1638,1661,1663,1884,2139,2472,2931,3483,3686,3844,3923,3933,3987,4016
note [1]:1:783
nothing [1]:4:118,2314,2778,3906
noticed [1]:1:2695
now [1]:11:1058,1124,1586,1860,3533,3551,3919,3958,4181,4239,4255
nowhere [1]:2:336,1728
numb [1]:1:1714
nut [1]:1:3216
