yank [4]:1:415;[9]:2:94,873;[23]:1:924;[49]:1:177;[60]:1:879
yard [6]:1:773;[20]:1:271;[23]:2:361,903;[32]:1:436;[34]:1:917;[35]:1:33;[38]:2:319,898;[41]:1:764;[43]:2:439,718;[53]:1:672;[55]:1:652;[67]:1:359
yeah [39]:1:13
year [2]:3:185,598,718;[3]:1:404;[4]:6:187,206,228,597,651,808;[5]:2:632,650;[6]:2:158,774;[8]:1:923;[10]:1:796;[11]:1:338;[14]:7:88,246,313,586,805,896,920;[18]:3:413,633,829;[19]:1:910;[20]:1:306;[22]:1:553;[24]:1:496;[25]:3:3,59,103;[28]:2:768,794;[29]:1:155;[31]:1:647;[33]:1:34;[36]:3:450,668,719;[39]:1:909;[41]:1:514;[47]:1:629;[53]:3:131,140,158;[56]:1:224;[58]:3:576,619,835;[64]:1:51;[66]:1:676;[67]:2:388,961;[68]:1:655
yearn [58]:1:268
yearswhen [8]:1:442
yearthen [31]:1:782
yell [1]:1:435;[7]:1:742;[25]:2:337,371;[26]:1:232;[27]:1:119;[64]:1:826;[66]:1:876
yellow [2]:1:166;[9]:1:632;[21]:1:131;[27]:1:656;[61]:1:828
yellowand [11]:1:533
yellowish [15]:1:525
yes [4]:1:296;[5]:1:698;[6]:2:191,816;[10]:1:791;[15]:1:614;[16]:1:629;[17]:4:112,160,271,951;[18]:1:584;[26]:1:389;[27]:1:609;[29]:2:248,544;[30]:1:863;[33]:1:843;[35]:1:26;[38]:2:20,956;[40]:2:235,923;[41]:1:9;[52]:2:70,299;[53]:1:702;[54]:1:24;[57]:1:46;[59]:1:203;[65]:1:733;[68]:1:959
yesterday [13]:1:193;[46]:1:838;[54]:1:641;[59]:1:689;[63]:2:74,565
yet [1]:1:238;[10]:1:426;[16]:1:95;[19]:1:584;[23]:1:706;[28]:1:84;[35]:1:345;[37]:1:319;[38]:1:935;[39]:1:608;[42]:1:47;[43]:2:567,882;[48]:1:774;[51]:1:419;[55]:1:402;[58]:1:493;[63]:1:208;[66]:1:436
you [1]:7:172,244,270,629,788,898,930;[2]:5:450,684,900,924,929;[3]:5:325,378,837,854,904;[4]:5:253,306,326,335,404;[5]:4:310,388,616,954;[6]:6:8,201,218,391,398,523;[7]:2:229,564;[8]:1:763;[9]:13:9,14,16,28,177,190,224,225,238,242,317,326,894;[10]:14:152,299,328,349,351,376,377,385,397,759,762,768,805,832;[11]:11:201,257,264,279,387,402,466,472,633,635,807;[12]:3:51,177,376;[13]:15:24,25,35,78,85,89,149,230,243,471,600,684,698,776,797;[14]:11:146,188,483,757,793,842,884,892,912,951,959;[15]:7:272,381,426,428,445,789,794;[16]:13:90,102,128,224,284,339,366,418,506,769,821,915,943;[17]:9:45,114,138,159,199,303,309,385,483;[18]:25:229,233,239,251,334,352,363,374,394,519,527,534,560,563,567,611,645,661,691,709,746,753,863,875,879;[19]:12:78,88,143,158,159,171,189,211,240,246,250,787;[20]:10:71,118,136,422,434,657,821,833,875,913;[21]:2:521,971;[22]:2:421,854;[23]:8:29,43,92,239,243,252,308,598;[24]:7:138,170,259,261,662,804,815;[25]:7:12,111,414,532,611,648,853;[26]:32:310,316,318,327,336,383,386,477,485,487,495,500,508,525,529,539,562,575,602,606,624,655,666,783,789,792,806,814,855,895,913,933;[27]:9:51,229,713,848,866,878,882,883,903;[28]:10:2,6,8,108,140,220,421,719,724,846;[29]:18:347,350,397,400,490,497,510,523,720,723,818,853,883,886,896,923,938,972;[30]:20:38,193,270,272,274,280,479,514,570,756,800,869,872,880,884,890,906,913,919,940;[31]:15:7,15,21,37,54,58,178,181,337,354,367,370,396,834,851;[32]:8:441,703,705,762,781,788,901,911;[33]:9:243,547,709,718,768,790,824,861,863;[34]:2:7,479;[35]:1:450;[36]:4:593,597,608,901;[38]:2:439,504;[39]:3:433,473,957;[40]:1:571;[41]:2:166,316;[42]:1:628;[44]:2:244,934;[45]:3:4,160,899;[46]:1:601;[47]:3:66,690,771;[49]:2:306,342;[50]:4:71,83,247,550;[51]:26:17,42,68,76,83,96,105,140,167,198,210,341,408,416,426,443,450,614,654,675,746,749,769,776,890,895;[52]:12:64,183,205,407,454,497,639,692,730,864,866,875;[53]:9:323,372,564,583,810,818,923,961,967;[54]:15:18,116,123,140,167,225,322,324,342,381,405,431,452,459,828;[55]:1:385;[56]:1:858;[58]:6:77,156,170,473,682,692;[60]:1:80;[61]:4:46,57,332,414;[62]:5:798,805,821,912,921;[63]:2:19,141;[65]:10:501,566,740,764,777,797,807,812,835,866;[66]:3:146,158,882;[68]:21:95,109,130,137,152,161,166,277,283,289,343,412,416,420,472,475,697,732,854,868,872
youbesides [54]:1:175
youcan [52]:1:491
youcount [32]:1:916
youd [14]:1:593;[15]:1:420;[17]:1:57;[31]:1:120;[51]:2:350,737;[55]:1:977;[56]:1:9;[64]:1:971
youdo [14]:1:1
youeverythings [61]:1:438
youhave [51]:1:932
youif [26]:1:932
youitd [30]:1:434
youll [7]:1:568;[9]:2:191,309;[11]:2:574,822;[18]:2:671,693;[20]:1:439;[25]:1:875;[26]:1:82;[28]:1:146;[54]:1:387;[62]:1:928;[64]:1:652;[68]:2:171,949
young [1]:1:207;[10]:1:541;[13]:1:902;[15]:1:134;[17]:1:827;[30]:1:442;[36]:1:10;[44]:1:5;[45]:1:553;[53]:1:901;[60]:1:714;[62]:1:35
younow [30]:1:936
youput [13]:1:491
your [1]:1:660;[3]:2:466,488;[4]:2:102,108;[5]:1:321;[6]:6:134,203,206,221,237,240;[9]:1:315;[10]:3:643,701,717;[11]:3:234,286,819;[12]:1:826;[13]:3:160,411,709;[14]:3:897,924,964;[15]:2:124,633;[16]:1:508;[17]:6:106,134,168,201,257,492;[18]:2:281,290;[19]:2:69,193;[21]:1:973;[23]:4:112,312,564,600;[24]:2:105,156;[25]:3:19,580,729;[26]:4:504,604,801,803;[27]:2:541,910;[28]:1:16;[29]:2:726,870;[30]:2:823,895;[31]:3:17,115,406;[32]:4:534,580,877,887;[33]:2:238,738;[34]:1:264;[36]:2:586,844;[38]:1:506;[44]:1:247;[45]:1:167;[47]:2:826,840;[49]:1:680;[51]:2:137,611;[52]:1:466;[53]:1:450;[54]:1:5;[55]:1:265;[56]:1:868;[60]:1:83;[61]:5:309,313,336,396,423;[62]:2:434,924;[63]:1:967;[65]:1:675;[68]:5:724,744,859,905,928
yourdistrict [13]:1:442
yourecapable [18]:1:540
yourehungryi [62]:1:932
yourfriend [17]:1:99
yourself [1]:1:902;[7]:1:567;[18]:1:544;[20]:1:659;[25]:1:750;[26]:1:937;[27]:1:851;[28]:1:226;[39]:1:139;[44]:1:958
yourselves [31]:1:854;[34]:1:482
yourues [61]:1:350
yourwoes [61]:1:393
yousomething [30]:1:889
youstart [26]:1:99
youthan [54]:1:148
youthink [28]:1:50
youtoday [22]:1:785
youtwo [6]:1:197
youve [4]:1:328;[8]:2:965,973;[13]:1:433;[26]:3:511,644,859;[51]:1:217;[65]:1:822
youvegot [4]:1:99
youwant [32]:1:870
